1759987123898 0.9959794954266761 10000
1759987139604 0.9977943756579277 20000
1759987159244 0.9980633744031521 30000
1759987180260 0.9981226063230619 40000
1759987201065 0.9982181825461971 50000
1759987217281 0.9983485963068608 60000
1759987240839 0.9983845373057514 70000
1759987258972 0.9984239952970019 80000
1759987278741 0.9984769146961056 90000
1759987308772 0.9985492601226625 100000
1759987331261 0.9986448262376193 110000
1759987352132 0.9986494260060526 120000
1759987369304 0.9986610131667039 130000
1759987398472 0.998642362574938 140000
1759987421990 0.9986662131791476 150000
1759987449815 0.9986933335000532 160000
1759987470511 0.9987113781193181 170000
1759987487901 0.9987163029525032 180000
1759987506870 0.9987207092430074 190000
1759987531507 0.9987446798933728 200000
1759987556116 0.9987473148240763 210000
1759987578771 0.9987588031771002 220000
1759987596484 0.9987605947405729 230000
1759987617788 0.9987872422889864 240000
1759987637810 0.9988117575985501 250000
1759987658086 0.9987959176607719 260000
1759987674303 0.99877384246654 270000
1759987691728 0.9987390560423506 280000
